401
509
588
666
701
739
740
825
945
986
987
1066
1067
1068
1069
1135
1136
1216
1217
1234
1227
1228
1248
1534
1534
1631
1632
1633
1636
1642
1643
1644
1645
1718
1709
1760
1761
1762
1786
1787
1788
1790
1808
1809
1819
1810
1811
1812
1813
1814
1858
1859
1860
1872
1879
1873
1955
1956
1961
1989
2014
2020
2059
2060
2061
2062
2100
2098
2101
2130
2165
2170
2193
2194
2195
2203
2204
2205
2209
2210
2215
2216
2217
2219
2220
2221
2222
2223
2224
2225
2226
2227
2230
2231
2232
2233
2236
2237
2240
2241
2242
2243
2244
2245
2246
2247
2248
2249
2251
2254
2257
2258
2259
2260
2263
2265
2267
2269
2271
2275
2278
2279
2281
2282
2283
2285
2286
2287
2288
2291
2295
2303
2304
2305
2306
2307
2308
2309
2310
2311
2312
2316
2317
2318
2320
2321
2322
2323
2324
2325
2326
2327
2329
2330
2331
2332
2336
2338
2339
2340
2342
2343
2347
2351
2352
2354
2359
2360
2361
2369
2370
2374
2386
2388
2389
2421
2422
2423
2424
2425
2426
2427
2428
2429
2431
2437
2443
2485
2483
2482
2532
2540
2535
2557
2567
2558
2569
2568
2591
2695
2712
2711
2710
2744
2745
2741
2746
2747
2782
2797
2796
2807
2809
2806
2805
2804
2803
2801
2800
2802
2799
2812
2811
2820
2814
2815
2823
2831
2904
2903
2902
2901
2907
2906
2917
2927
2947
2977
2996
2997
2998
2999
3041
3108
3116
3117
3120
3116
3117
3123
3276
3365
3364
3366
3367
3363
3362
3448




