13
47
76
92
119
128
155
156
157
158
159
160
161
162
163
164
165
166
167
168
169
170
171
172
173
174
175
176
177
178
186
196
197
198
208
222
223
266
267
293
384
386
473
484
576
593
596
601
600
616
655
702
703
714
715
712
714
715
716
717
728
729
747
748
773
774
775
794
844
843
872
874
878
925
950
1000
1086
1090
1131
1152
1155
1177
1296
1299
1407
1408
1412
1415
1418
1421
1424
1490
1491
1492
1512
1652
1656
1671
1750
1897
1921
1951
1960
1978
2043
2157
2158
2506
2575
2576
2577
2578
2579
2580
2861
2921
2922
2923
2974
2973
2978
2982
2981
2983
2984
2985
3000
3009
3006
3010
3014
3037
3091
3092
3093
3094
3095
3096
3097
3098
3099
3100
3101
3102
3103
3104
3134
3136
3169
3170
3213
3214
3275
3356
3357
3358
3359
3370
3415
3414
3436























